1. 128398 42797 21369 42797 64166
2. 118177 39390 19669 82187 123225
3. 139790 46594 23267 128781 193086
4. 84818 28270 14107 157051 235463
5. 75859 25284 12614 182335 273361
6. 139920 46638 23289 228973 343288
7. 90212 30068 15005 259041 388361
8. 74975 24989 12465 284030 425815
9. 120844 40279 20110 324309 486204
10. 85533 28509 14229 352818 528942
11. 77851 25948 12945 378766 567835
12. 127044 42346 21144 421112 631325
13. 128094 42696 21319 463808 695340
14. 77724 25906 12923 489714 734169
15. 81951 27315 13630 517029 775114
16. 115804 38599 19269 555628 832982
17. 60506 20166 10058 575794 863206
18. 65055 21683 10813 597477 895702
19. 52549 17514 8732 614991 921948
20. 108749 36247 18094 651238 976289
21. 92367 30787 15366 682025 1022442
22. 53974 17989 8969 700014 1049400
23. 52896 17630 8789 717644 1075819
24. 66403 22132 11039 739776 1108990
25. 93539 31177 15559 770953 1155726
26. 118392 39462 19704 810415 1214892
27. 78768 26254 13101 836669 1254247
28. 128172 42722 21331 879391 1318300
29. 85643 28545 14246 907936 1361091
30. 109508 36500 18220 944436 1415811
31. 104742 34912 17427 979348 1468150
32. 71305 23766 11855 1003114 1503771
33. 84558 28184 14061 1031298 1546016
34. 68640 22878 11412 1054176 1580306
35. 58328 19440 9694 1073616 1609440
36. 58404 19466 9706 1093082 1638612
37. 70131 23375 11659 1116457 1673646
38. 73745 24579 12262 1141036 1710487
39. 149553 49849 24895 1190885 1785231
40. 57511 19168 9557 1210053 1813956
41. 119045 39679 19811 1249732 1873446
42. 90210 30068 15005 1279800 1918519
43. 129537 43177 21559 1322977 1983255
44. 114869 38287 19114 1361264 2040656
45. 113353 37782 18862 1399046 2097300
46. 114181 38058 19000 1437104 2154358
47. 130737 43577 21759 1480681 2219694
48. 134877 44957 22449 1525638 2287100
49. 90983 30325 15133 1555963 2332558
50. 84361 28118 14030 1584081 2374706
51. 62750 20914 10430 1604995 2406050
52. 114532 38175 19060 1643170 2463285
53. 139233 46409 23173 1689579 2532867
54. 139804 46599 23271 1736178 2602737
55. 130391 43461 21700 1779639 2667898
56. 144731 48241 24091 1827880 2740230
57. 84309 28101 14021 1855981 2782352
58. 137050 45681 22812 1901662 2850845
59. 79866 26620 13283 1928282 2890748
60. 121266 40420 20182 1968702 2951350
61. 93502 31165 15554 1999867 2998069
62. 132060 44018 21980 2043885 3064067
63. 109190 36394 18168 2080279 3118629
64. 61326 20440 10194 2100719 3149263
65. 58826 19606 9775 2120325 3178644
66. 129305 43099 21521 2163424 3243264
67. 141059 47017 23479 2210441 3313760
68. 143017 47670 23806 2258111 3385236
69. 56552 18848 9396 2276959 3413480
70. 102142 34045 16995 2311004 3464520
71. 110604 36866 18403 2347870 3519789
72. 136052 45348 22644 2393218 3587781
73. 93872 31288 15614 2424506 3634683
74. 71951 23981 11961 2448487 3670625
75. 72954 24316 12131 2472803 3707072
76. 70701 23565 11753 2496368 3742390
77. 137381 45791 22865 2542159 3811046
78. 76580 25524 12735 2567683 3849305
79. 62535 20843 10394 2588526 3880542
80. 62666 20886 10415 2609412 3911843
81. 126366 42120 21032 2651532 3974995
82. 66361 22118 11032 2673650 4008145
83. 109076 36356 18147 2710006 4062648
84. 126230 42074 21008 2752080 4125730
85. 73367 24453 12198 2776533 4162381
86. 94459 31484 15713 2808017 4209578
87. 126314 42102 21022 2850119 4272702
88. 133327 44440 22190 2894559 4339332
89. 143771 47921 23929 2942480 4411182
90. 50752 16915 8430 2959395 4436527
91. 75607 25200 12572 2984595 4474299
92. 117606 39200 19568 3023795 4533067
93. 142366 47453 23696 3071248 4604216
94. 59068 19687 9818 3090935 4633721
95. 75574 25189 12567 3116124 4671477
96. 149836 49943 24940 3166067 4746360
97. 57058 19017 9482 3185084 4774859
98. 77622 25872 12908 3210956 4813639
99. 83276 27756 13851 3238712 4855246
100. 82734 27576 13760 3266288 4896582
